chi2loss: 1.87059
chi2win: 1.65369
p_value_loss: 0.999994
p_value_win: 0.999997
