lose_after_lose_mean: 0.506044960247684
lose_after_lose_std: 0.0016983710493189987
lose_after_win_mean: 0.4987781094689353
lose_after_win_std: 0.0016535916796821502
win_after_lose_mean: 0.493955039752316
win_after_lose_std: 0.0016983710493189994
win_after_win_mean: 0.5012218905310647
win_after_win_std: 0.0016535916796821507
