lose_after_lose_mean: 0.5061289136080884
lose_after_lose_std: 0.0017126034286061456
lose_after_win_mean: 0.4981887464637871
lose_after_win_std: 0.0016611256671016778
win_after_lose_mean: 0.49387108639191163
win_after_lose_std: 0.0017126034286061445
win_after_win_mean: 0.5018112535362129
win_after_win_std: 0.0016611256671016784
