chi2loss: 15.0956
chi2win: 20.05961
p_value_loss: 0.6553925
p_value_win: 0.3294736
z_score_loss: 0.4
z_score_win: -0.4
